1. attached pic

2. attached pic

3. Give all the edge-pairs for the graph
[1,2,3][1,3,4][1,3,5]
[2,3,4][2,3,5]
[3,4,5][3,5,6][3,5,7]
[4,5,6][4,5,7]
[5,6,7][5,7,8][5,7,9]
[6,7,8][6,7,9]
[7,8,9][7,9,10][7,9,11]
[8,9,10][8,9,11]
[9,10,11][9,11,12][9,11,13]
[10,11,12][10,11,13]
[11,12,13][11,13,14][11,13,15]
[12,13,14][12,13,15]
[13,14,15][13,15,16][13,15,17]
[14,15,16][14,15,17]
[15,16,17][15,17,18][15,17,19]
[16,17,18][16,17,19]
[17,18,19][17,19,20][17,19,21]
[18,19,20][18,19,21]
[19,20,21][19,21,22][19,21,23]
[20,21,22][20,21,23]
[21,22,23][21,23,24][21,23,25]
[22,23,24][22,23,25]
[23,24,25][23,25,26][23,25,27]
[24,25,26][24,25,27]
[25,26,27][25,27,28][25,27,29]
[26,27,28][26,27,29]
[27,28,29][27,29,30]
[28,29,30]

4. Design test paths that tour all edge-pairs.
[1,2,3,4,5,6,7,8,9,10,11,12,13,14,15,16,17,18,19,20,21,22,23,24,25,26,27,28,29,30]
[1,3,5,7,9,11,13,15,17,19,21,23,25,27,29,30]
[1,3,4,5,7,8,9,11,12,13,15,16,17,19,20,21,23,24,25,27,29,30]
[3,5,6,7,9,10,11,13,14,15,17,18,19,21,22,23,25,26,27,29,30]
[2,3,5,7,9,11,13,15,17,19,21,23,25,27,29,30]

// ASK TA or PROF :)
5. Define test input values for each test path. If a test path cannot be executed, try to find another test path that tours the same edge-pairs. If you find an edge-pair that cannot be toured by any test path, list it as infeasible.

6. 